{
  "accessors": [
    {
      "bufferView": 2,
      "componentType": 5126,
      "count": 9,
      "max": [
        65.83648681640625,
        33.528141021728516,
        73.7427978515625
      ],
      "min": [
        -64.14302825927734,
        -41.68986892700195,
        69.30477905273438
      ],
      "type": "VEC3"
    },
    {
      "bufferView": 2,
      "byteOffset": 108,
      "componentType": 5126,
      "count": 9,
      "max": [
        -0.017566382884979248,
        0.028655067086219788,
        -0.9994350075721741
      ],
      "min": [
        -0.017567070201039314,
        0.028654001653194427,
        -0.9994350671768188
      ],
      "type": "VEC3"
    },
    {
      "bufferView": 1,
      "componentType": 5126,
      "count": 9,
      "max": [
        0.9995005130767822,
        0.9995004534721375
      ],
      "min": [
        0.0004995167255401611,
        0.0004996657371520996
      ],
      "type": "VEC2"
    },
    {
      "bufferView": 0,
      "componentType": 5125,
      "count": 12,
      "type": "SCALAR"
    },
    {
      "bufferView": 2,
      "byteOffset": 216,
      "componentType": 5126,
      "count": 138,
      "max": [
        58.162742614746094,
        28.680265426635742,
        73.37237548828125
      ],
      "min": [
        -58.079593658447266,
        -34.05717086791992,
        -1.6122937202453613
      ],
      "type": "VEC3"
    },
    {
      "bufferView": 2,
      "byteOffset": 1872,
      "componentType": 5126,
      "count": 138,
      "max": [
        0.9998427629470825,
        0.9995875954627991,
        0.9994351863861084
      ],
      "min": [
        -0.9998428225517273,
        -0.9995875954627991,
        -0.9994350671768188
      ],
      "type": "VEC3"
    },
    {
      "bufferView": 1,
      "byteOffset": 72,
      "componentType": 5126,
      "count": 138,
      "max": [
        1.4848861694335938,
        35.52296829223633
      ],
      "min": [
        -59.02174377441406,
        -35.52296829223633
      ],
      "type": "VEC2"
    },
    {
      "bufferView": 0,
      "byteOffset": 48,
      "componentType": 5125,
      "count": 216,
      "type": "SCALAR"
    },
    {
      "bufferView": 2,
      "byteOffset": 3528,
      "componentType": 5126,
      "count": 33,
      "max": [
        65.87989044189453,
        33.528141021728516,
        76.21214294433594
      ],
      "min": [
        -64.324462890625,
        -41.76066589355469,
        69.30477905273438
      ],
      "type": "VEC3"
    },
    {
      "bufferView": 2,
      "byteOffset": 3924,
      "componentType": 5126,
      "count": 33,
      "max": [
        0.9998428225517273,
        0.9995875358581543,
        0.9994350075721741
      ],
      "min": [
        -0.9998428225517273,
        -0.9995875358581543,
        -0.9994350671768188
      ],
      "type": "VEC3"
    },
    {
      "bufferView": 1,
      "byteOffset": 1176,
      "componentType": 5126,
      "count": 33,
      "max": [
        1.0,
        1.0
      ],
      "min": [
        0.0,
        0.0
      ],
      "type": "VEC2"
    },
    {
      "bufferView": 0,
      "byteOffset": 912,
      "componentType": 5125,
      "count": 48,
      "type": "SCALAR"
    },
    {
      "bufferView": 2,
      "byteOffset": 4320,
      "componentType": 5126,
      "count": 4936,
      "max": [
        50.29610061645508,
        -9.160938262939453,
        83.0604248046875
      ],
      "min": [
        1.987352728843689,
        -63.245853424072266,
        -0.9765839576721191
      ],
      "type": "VEC3"
    },
    {
      "bufferView": 2,
      "byteOffset": 63552,
      "componentType": 5126,
      "count": 4936,
      "max": [
        0.9896461367607117,
        0.9996046423912048,
        0.9994569420814514
      ],
      "min": [
        -0.991359531879425,
        -0.9992012977600098,
        -0.9955151081085205
      ],
      "type": "VEC3"
    },
    {
      "bufferView": 1,
      "byteOffset": 1440,
      "componentType": 5126,
      "count": 4936,
      "max": [
        22.91908836364746,
        64.1130599975586
      ],
      "min": [
        -31.852352142333984,
        -17.78807830810547
      ],
      "type": "VEC2"
    },
    {
      "bufferView": 0,
      "byteOffset": 1104,
      "componentType": 5125,
      "count": 7584,
      "type": "SCALAR"
    },
    {
      "bufferView": 2,
      "byteOffset": 122784,
      "componentType": 5126,
      "count": 276,
      "max": [
        46.99247741699219,
        -9.337631225585938,
        40.1402702331543
      ],
      "min": [
        3.8120131492614746,
        -55.7660026550293,
        37.15272521972656
      ],
      "type": "VEC3"
    },
    {
      "bufferView": 2,
      "byteOffset": 126096,
      "componentType": 5126,
      "count": 276,
      "max": [
        0.9960188865661621,
        0.9989910125732422,
        0.9994447827339172
      ],
      "min": [
        -0.9994900822639465,
        -0.9989911317825317,
        -0.9994447827339172
      ],
      "type": "VEC3"
    },
    {
      "bufferView": 1,
      "byteOffset": 40928,
      "componentType": 5126,
      "count": 276,
      "max": [
        22.571243286132813,
        21.348983764648438
      ],
      "min": [
        -22.502477645874023,
        0.0004978179931640625
      ],
      "type": "VEC2"
    },
    {
      "bufferView": 0,
      "byteOffset": 31440,
      "componentType": 5125,
      "count": 360,
      "type": "SCALAR"
    },
    {
      "bufferView": 2,
      "byteOffset": 129408,
      "componentType": 5126,
      "count": 4936,
      "max": [
        1.9678573608398438,
        -9.132652282714844,
        83.06041717529297
      ],
      "min": [
        -62.17595672607422,
        -75.44182586669922,
        -0.9765806198120117
      ],
      "type": "VEC3"
    },
    {
      "bufferView": 2,
      "byteOffset": 188640,
      "componentType": 5126,
      "count": 4936,
      "max": [
        0.9997282028198242,
        0.9992908835411072,
        0.9994572997093201
      ],
      "min": [
        -0.9999987483024597,
        -0.9963163137435913,
        -0.9955152273178101
      ],
      "type": "VEC3"
    },
    {
      "bufferView": 1,
      "byteOffset": 43136,
      "componentType": 5126,
      "count": 4936,
      "max": [
        22.91908836364746,
        64.1130599975586
      ],
      "min": [
        -31.852352142333984,
        -17.78807830810547
      ],
      "type": "VEC2"
    },
    {
      "bufferView": 0,
      "byteOffset": 32880,
      "componentType": 5125,
      "count": 7584,
      "type": "SCALAR"
    },
    {
      "bufferView": 2,
      "byteOffset": 247872,
      "componentType": 5126,
      "count": 276,
      "max": [
        1.5877609252929688,
        -9.426254272460938,
        40.14026641845703
      ],
      "min": [
        -55.40065002441406,
        -68.16218566894531,
        37.15272903442383
      ],
      "type": "VEC3"
    },
    {
      "bufferView": 2,
      "byteOffset": 251184,
      "componentType": 5126,
      "count": 276,
      "max": [
        0.996878445148468,
        0.9887807369232178,
        0.9994439482688904
      ],
      "min": [
        -0.9989394545555115,
        -0.9996198415756226,
        -0.9994457960128784
      ],
      "type": "VEC3"
    },
    {
      "bufferView": 1,
      "byteOffset": 82624,
      "componentType": 5126,
      "count": 276,
      "max": [
        22.571243286132813,
        21.348983764648438
      ],
      "min": [
        -22.502477645874023,
        0.0004978179931640625
      ],
      "type": "VEC2"
    },
    {
      "bufferView": 0,
      "byteOffset": 63216,
      "componentType": 5125,
      "count": 360,
      "type": "SCALAR"
    },
    {
      "bufferView": 2,
      "byteOffset": 254496,
      "componentType": 5126,
      "count": 4936,
      "max": [
        -4.681369781494141,
        63.4728889465332,
        83.06040954589844
      ],
      "min": [
        -51.515296936035156,
        9.973945617675781,
        -0.9765872955322266
      ],
      "type": "VEC3"
    },
    {
      "bufferView": 2,
      "byteOffset": 313728,
      "componentType": 5126,
      "count": 4936,
      "max": [
        0.9866191148757935,
        0.9999867677688599,
        0.9955133199691772
      ],
      "min": [
        -0.9860106706619263,
        -0.9995546936988831,
        -0.9994571805000305
      ],
      "type": "VEC3"
    },
    {
      "bufferView": 1,
      "byteOffset": 84832,
      "componentType": 5126,
      "count": 4936,
      "max": [
        22.91908836364746,
        64.1130599975586
      ],
      "min": [
        -31.852352142333984,
        -17.78807830810547
      ],
      "type": "VEC2"
    },
    {
      "bufferView": 0,
      "byteOffset": 64656,
      "componentType": 5125,
      "count": 7584,
      "type": "SCALAR"
    },
    {
      "bufferView": 2,
      "byteOffset": 372960,
      "componentType": 5126,
      "count": 275,
      "max": [
        -6.465541839599609,
        55.368751525878906,
        40.14026641845703
      ],
      "min": [
        -49.6719970703125,
        10.169673919677734,
        37.152713775634766
      ],
      "type": "VEC3"
    },
    {
      "bufferView": 2,
      "byteOffset": 376260,
      "componentType": 5126,
      "count": 275,
      "max": [
        0.9980781674385071,
        0.9995876550674438,
        0.9994474649429321
      ],
      "min": [
        -0.9977790117263794,
        -0.9995875954627991,
        -0.9994473457336426
      ],
      "type": "VEC3"
    },
    {
      "bufferView": 1,
      "byteOffset": 124320,
      "componentType": 5126,
      "count": 275,
      "max": [
        22.571243286132813,
        21.348983764648438
      ],
      "min": [
        -22.502477645874023,
        0.0004978179931640625
      ],
      "type": "VEC2"
    },
    {
      "bufferView": 0,
      "byteOffset": 94992,
      "componentType": 5125,
      "count": 360,
      "type": "SCALAR"
    },
    {
      "bufferView": 2,
      "byteOffset": 379560,
      "componentType": 5126,
      "count": 4936,
      "max": [
        48.42821502685547,
        64.32842254638672,
        83.06040954589844
      ],
      "min": [
        1.5942869186401367,
        10.829479217529297,
        -0.9765872955322266
      ],
      "type": "VEC3"
    },
    {
      "bufferView": 2,
      "byteOffset": 438792,
      "componentType": 5126,
      "count": 4936,
      "max": [
        0.9866194128990173,
        0.9999867677688599,
        0.9955132007598877
      ],
      "min": [
        -0.9860106706619263,
        -0.9995548725128174,
        -0.9994571208953857
      ],
      "type": "VEC3"
    },
    {
      "bufferView": 1,
      "byteOffset": 126520,
      "componentType": 5126,
      "count": 4936,
      "max": [
        22.91908836364746,
        64.1130599975586
      ],
      "min": [
        -31.852352142333984,
        -17.78807830810547
      ],
      "type": "VEC2"
    },
    {
      "bufferView": 0,
      "byteOffset": 96432,
      "componentType": 5125,
      "count": 7584,
      "type": "SCALAR"
    },
    {
      "bufferView": 2,
      "byteOffset": 498024,
      "componentType": 5126,
      "count": 275,
      "max": [
        46.64404296875,
        56.22428894042969,
        40.14026641845703
      ],
      "min": [
        3.437588691711426,
        11.02520751953125,
        37.152713775634766
      ],
      "type": "VEC3"
    },
    {
      "bufferView": 2,
      "byteOffset": 501324,
      "componentType": 5126,
      "count": 275,
      "max": [
        0.9980782270431519,
        0.9995876550674438,
        0.999447226524353
      ],
      "min": [
        -0.9977790117263794,
        -0.9995875954627991,
        -0.9994472861289978
      ],
      "type": "VEC3"
    },
    {
      "bufferView": 1,
      "byteOffset": 166008,
      "componentType": 5126,
      "count": 275,
      "max": [
        22.571243286132813,
        21.348983764648438
      ],
      "min": [
        -22.502477645874023,
        0.0004978179931640625
      ],
      "type": "VEC2"
    },
    {
      "bufferView": 0,
      "byteOffset": 126768,
      "componentType": 5125,
      "count": 360,
      "type": "SCALAR"
    }
  ],
  "asset": {
    "extras": {
      "author": "noobcoder122 (https://sketchfab.com/noobcoder122)",
      "license": "CC-BY-NC-4.0 (http://creativecommons.org/licenses/by-nc/4.0/)",
      "source": "https://sketchfab.com/3d-models/antnas--table--and-4--chairs-3d-6c92ad9dfdac4da98f1250bb7f83bdaa",
      "title": "Antnas_ Table_ And_4_ Chairs-3D"
    },
    "generator": "Sketchfab-16.15.0",
    "version": "2.0"
  },
  "bufferViews": [
    {
      "buffer": 0,
      "byteLength": 128208,
      "name": "floatBufferViews",
      "target": 34963
    },
    {
      "buffer": 0,
      "byteLength": 168208,
      "byteOffset": 128208,
      "byteStride": 8,
      "name": "floatBufferViews",
      "target": 34962
    },
    {
      "buffer": 0,
      "byteLength": 504624,
      "byteOffset": 296416,
      "byteStride": 12,
      "name": "floatBufferViews",
      "target": 34962
    }
  ],
  "buffers": [
    {
      "byteLength": 801040,
      "uri": "scene.bin"
    }
  ],
  "materials": [
    {
      "doubleSided": true,
      "name": "01_-_Default",
      "pbrMetallicRoughness": {
        "baseColorFactor": [
          0.188235,
          0.133333,
          0.0901961,
          1.0
        ],
        "metallicFactor": 0.0,
        "roughnessFactor": 0.6
      }
    },
    {
      "doubleSided": true,
      "name": "03_-_Default",
      "pbrMetallicRoughness": {
        "baseColorFactor": [
          0.972549,
          0.839216,
          0.47451,
          1.0
        ],
        "metallicFactor": 0.0,
        "roughnessFactor": 0.6
      }
    },
    {
      "doubleSided": true,
      "name": "Material_25",
      "pbrMetallicRoughness": {
        "baseColorFactor": [
          0.584314,
          0.584314,
          0.584314,
          1.0
        ],
        "metallicFactor": 0.0,
        "roughnessFactor": 0.6
      }
    }
  ],
  "meshes": [
    {
      "name": "Object_0",
      "primitives": [
        {
          "attributes": {
            "NORMAL": 1,
            "POSITION": 0,
            "TEXCOORD_0": 2
          },
          "indices": 3,
          "material": 2,
          "mode": 4
        }
      ]
    },
    {
      "name": "Object_1",
      "primitives": [
        {
          "attributes": {
            "NORMAL": 5,
            "POSITION": 4,
            "TEXCOORD_0": 6
          },
          "indices": 7,
          "material": 0,
          "mode": 4
        }
      ]
    },
    {
      "name": "Object_2",
      "primitives": [
        {
          "attributes": {
            "NORMAL": 9,
            "POSITION": 8,
            "TEXCOORD_0": 10
          },
          "indices": 11,
          "material": 1,
          "mode": 4
        }
      ]
    },
    {
      "name": "Object_3",
      "primitives": [
        {
          "attributes": {
            "NORMAL": 13,
            "POSITION": 12,
            "TEXCOORD_0": 14
          },
          "indices": 15,
          "material": 0,
          "mode": 4
        }
      ]
    },
    {
      "name": "Object_4",
      "primitives": [
        {
          "attributes": {
            "NORMAL": 17,
            "POSITION": 16,
            "TEXCOORD_0": 18
          },
          "indices": 19,
          "material": 1,
          "mode": 4
        }
      ]
    },
    {
      "name": "Object_5",
      "primitives": [
        {
          "attributes": {
            "NORMAL": 21,
            "POSITION": 20,
            "TEXCOORD_0": 22
          },
          "indices": 23,
          "material": 0,
          "mode": 4
        }
      ]
    },
    {
      "name": "Object_6",
      "primitives": [
        {
          "attributes": {
            "NORMAL": 25,
            "POSITION": 24,
            "TEXCOORD_0": 26
          },
          "indices": 27,
          "material": 1,
          "mode": 4
        }
      ]
    },
    {
      "name": "Object_7",
      "primitives": [
        {
          "attributes": {
            "NORMAL": 29,
            "POSITION": 28,
            "TEXCOORD_0": 30
          },
          "indices": 31,
          "material": 0,
          "mode": 4
        }
      ]
    },
    {
      "name": "Object_8",
      "primitives": [
        {
          "attributes": {
            "NORMAL": 33,
            "POSITION": 32,
            "TEXCOORD_0": 34
          },
          "indices": 35,
          "material": 1,
          "mode": 4
        }
      ]
    },
    {
      "name": "Object_9",
      "primitives": [
        {
          "attributes": {
            "NORMAL": 37,
            "POSITION": 36,
            "TEXCOORD_0": 38
          },
          "indices": 39,
          "material": 0,
          "mode": 4
        }
      ]
    },
    {
      "name": "Object_10",
      "primitives": [
        {
          "attributes": {
            "NORMAL": 41,
            "POSITION": 40,
            "TEXCOORD_0": 42
          },
          "indices": 43,
          "material": 1,
          "mode": 4
        }
      ]
    }
  ],
  "nodes": [
    {
      "children": [
        1
      ],
      "matrix": [
        1.0,
        0.0,
        0.0,
        0.0,
        0.0,
        2.220446049250313e-16,
        -1.0,
        0.0,
        0.0,
        1.0,
        2.220446049250313e-16,
        0.0,
        0.0,
        0.0,
        0.0,
        1.0
      ],
      "name": "Sketchfab_model"
    },
    {
      "children": [
        2,
        7,
        11,
        15,
        19
      ],
      "matrix": [
        1.0,
        0.0,
        0.0,
        0.0,
        0.0,
        1.0,
        0.0,
        0.0,
        0.0,
        0.0,
        1.0,
        0.0,
        0.7777137756347656,
        -5.556694030761719,
        40.724063873291016,
        1.0
      ],
      "name": "IKE010001"
    },
    {
      "children": [
        3
      ],
      "matrix": [
        -0.002419233089312911,
        -0.9995874166488647,
        -0.028616540133953094,
        0.0,
        0.9998425245285034,
        -0.0019152159802615643,
        -0.017629113048315048,
        0.0,
        0.017567038536071777,
        -0.028654683381319046,
        0.999434769153595,
        0.0,
        -1.278255820274353,
        3.5254788398742676,
        -40.68910217285156,
        1.0
      ],
      "name": "Box02"
    },
    {
      "children": [
        4,
        5,
        6
      ],
      "matrix": [
        -0.002419118343494035,
        0.999843057293896,
        0.017567045219598156,
        0.0,
        -0.9995876548771622,
        -0.0019150433280882722,
        -0.028654689818456737,
        0.0,
        -0.02861654225036594,
        -0.01762911913017398,
        0.9994352197301677,
        0.0,
        -2.0305880166741623,
        0.49718996709940283,
        -0.08435275127776869,
        1.0
      ],
      "name": "3DSMeshMatrix"
    },
    {
      "mesh": 0,
      "name": "Object_4"
    },
    {
      "mesh": 1,
      "name": "Object_5"
    },
    {
      "mesh": 2,
      "name": "Object_6"
    },
    {
      "children": [
        8
      ],
      "matrix": [
        -0.034614197909832,
        0.9989907741546631,
        -0.028616242110729218,
        0.0,
        0.016634970903396606,
        0.029205322265625,
        0.9994349479675293,
        0.0,
        -0.999262273311615,
        -0.03411862254142761,
        0.017629146575927734,
        0.0,
        14.168630599975586,
        -28.03070831298828,
        -22.699094772338867,
        1.0
      ],
      "name": "Object04"
    },
    {
      "children": [
        9,
        10
      ],
      "matrix": [
        -0.03461427612341322,
        0.016634962682849416,
        -0.9992623127242314,
        0.0,
        0.9989911057289973,
        0.02920545086066308,
        -0.03411868143121394,
        0.0,
        -0.028616329711230667,
        0.9994349336487375,
        0.017629104135872306,
        0.0,
        34.586681556028125,
        -17.282480449676235,
        13.471596709550228,
        1.0
      ],
      "name": "3DSMeshMatrix"
    },
    {
      "mesh": 3,
      "name": "Object_9"
    },
    {
      "mesh": 4,
      "name": "Object_10"
    },
    {
      "children": [
        12
      ],
      "matrix": [
        0.49264970421791077,
        0.8697568774223328,
        -0.028616422787308693,
        0.0,
        0.029446987435221672,
        0.016203640028834343,
        0.9994350075721741,
        0.0,
        -0.8697293400764465,
        0.49321404099464417,
        0.017629027366638184,
        0.0,
        -38.94095230102539,
        -28.886241912841797,
        -22.699094772338867,
        1.0
      ],
      "name": "Object03"
    },
    {
      "children": [
        13,
        14
      ],
      "matrix": [
        0.49264970706436306,
        0.029447015548493893,
        -0.8697294000775355,
        0.0,
        0.8697572584338085,
        0.016203501074027994,
        0.49321391852024427,
        0.0,
        -0.028616340168618335,
        0.9994350528233727,
        0.017629103082258183,
        0.0,
        49.273910466202665,
        -16.332896317756855,
        -16.521719183952627,
        1.0
      ],
      "name": "3DSMeshMatrix"
    },
    {
      "mesh": 5,
      "name": "Object_13"
    },
    {
      "mesh": 6,
      "name": "Object_14"
    },
    {
      "children": [
        16
      ],
      "matrix": [
        -0.0024189946707338095,
        -0.9995874166488647,
        -0.028616514056921005,
        0.0,
        0.01756727136671543,
        -0.028654685243964195,
        0.9994346499443054,
        0.0,
        -0.9998424649238586,
        0.0019149476429447532,
        0.017629319801926613,
        0.0,
        -40.03388595581055,
        38.960540771484375,
        -22.699094772338867,
        1.0
      ],
      "name": "Object02"
    },
    {
      "children": [
        17,
        18
      ],
      "matrix": [
        -0.0024191155892183468,
        0.017567241868046913,
        -0.9998430503657526,
        0.0,
        -0.9995877136996406,
        -0.028654699152983774,
        0.0019150420705721651,
        0.0,
        -0.028616563843315755,
        0.9994352716062476,
        0.01762931758046081,
        0.0,
        33.81092225328924,
        -16.367990038693705,
        -39.63174861479626,
        1.0
      ],
      "name": "3DSMeshMatrix"
    },
    {
      "mesh": 7,
      "name": "Object_17"
    },
    {
      "mesh": 8,
      "name": "Object_18"
    },
    {
      "children": [
        20
      ],
      "matrix": [
        -0.0024189946707338095,
        -0.9995874166488647,
        -0.028616514056921005,
        0.0,
        0.01756727136671543,
        -0.028654685243964195,
        0.9994346499443054,
        0.0,
        -0.9998424649238586,
        0.0019149476429447532,
        0.017629319801926613,
        0.0,
        13.075697898864746,
        39.81607437133789,
        -22.699094772338867,
        1.0
      ],
      "name": "Object01"
    },
    {
      "children": [
        21,
        22
      ],
      "matrix": [
        -0.0024191155892183468,
        0.017567241868046913,
        -0.9998430503657526,
        0.0,
        -0.9995877136996406,
        -0.028654699152983774,
        0.0019150420705721651,
        0.0,
        -0.028616563843315755,
        0.9994352716062476,
        0.01762931758046081,
        0.0,
        34.794581350599785,
        -17.276463885861034,
        13.467861327281506,
        1.0
      ],
      "name": "3DSMeshMatrix"
    },
    {
      "mesh": 9,
      "name": "Object_21"
    },
    {
      "mesh": 10,
      "name": "Object_22"
    }
  ],
  "scene": 0,
  "scenes": [
    {
      "name": "Sketchfab_Scene",
      "nodes": [
        0
      ]
    }
  ]
}
